GCF_000001215.4,7227,143726002,1152978,0,0,2442,21485538
GCF_000001405.36,9606,3241953429,161368251,837,59364414,1497,56413054
GCF_000001515.7,9598,0,0,0,0,0,0
GCF_000001545.4,9601,3441244233,347678455,79342,747460,408552,15648
GCF_000001635.25,10090,2807715301,79356856,304,52589046,808,32273079
GCF_000001735.3,3702,119667750,185644,0,0,102,11194537
GCF_000001765.3,46245,0,0,0,0,0,0
GCF_000001895.5,10116,0,0,0,0,0,0
GCF_000001905.1,9785,3196738102,78195493,2352,46401353,95866,69023
GCF_000001985.1,441960,28643865,176385,452,3339384,589,541514
